Matriz 1
3 2 9 7 5 9 9 8 9 7 8 2 2 8 6 1 6 4 2 1 2 2 2 6 8 9 2 2 3 6 8 3 4 2 2 7 5 0 3 2 
3 2 7 2 5 4 7 1 9 1 0 9 7 6 0 6 4 3 4 4 6 6 8 9 7 2 8 7 4 0 7 0 6 3 1 2 7 6 2 8 
6 0 5 4 3 8 2 4 4 9 8 8 3 5 1 8 7 6 7 6 5 3 5 8 8 1 2 4 7 4 7 1 2 1 1 2 5 6 7 7 
6 4 2 5 2 3 3 7 5 8 9 4 1 0 0 6 7 5 1 3 3 6 4 5 8 5 7 7 2 8 6 9 8 7 9 7 0 1 1 3 
4 0 9 1 6 4 7 9 2 6 0 3 9 4 5 4 9 5 3 0 0 5 2 4 2 5 6 4 7 8 9 6 9 6 9 6 4 9 8 3 
9 6 9 3 0 5 7 7 6 3 3 8 6 5 5 9 9 2 8 9 8 0 0 6 4 5 2 6 4 5 2 6 3 3 3 4 0 1 5 9 
8 8 7 0 7 4 5 4 9 5 3 8 5 7 8 1 1 0 5 5 0 6 1 9 0 7 5 8 8 4 5 4 6 9 8 7 7 8 4 3 
5 0 9 4 8 5 5 2 5 8 0 5 9 0 3 1 0 0 4 9 4 8 8 6 5 2 0 9 4 6 7 0 3 0 7 1 0 5 3 5 
6 0 8 7 1 2 5 0 6 9 4 9 4 5 9 0 1 4 0 4 1 4 1 8 7 3 9 9 9 3 9 6 4 4 7 0 5 6 1 4 
1 1 3 6 7 5 5 0 7 8 5 3 7 6 6 6 3 3 0 6 3 6 9 9 5 3 1 0 9 7 3 7 3 7 2 2 9 3 9 6 
4 4 9 6 7 7 0 0 7 0 5 6 6 4 6 2 3 0 5 4 3 4 8 1 4 5 0 4 3 4 2 4 4 9 4 1 6 2 0 1 
1 6 0 0 4 7 0 5 7 4 1 0 3 4 2 1 4 7 1 4 1 5 5 9 8 8 3 8 6 5 0 2 6 5 8 6 3 4 5 4 
1 4 3 6 8 8 7 9 3 5 5 4 5 8 5 6 8 4 6 3 3 8 5 9 3 3 8 8 9 7 4 5 8 6 4 4 1 1 2 9 
6 7 2 1 7 9 5 5 8 2 2 3 4 4 6 6 9 9 4 5 0 4 1 6 4 6 9 3 5 2 6 8 6 0 0 4 2 2 0 7 
9 2 5 6 8 6 0 3 5 9 1 2 5 1 5 2 6 8 5 3 6 1 7 7 1 2 3 1 1 5 5 4 4 4 9 4 9 4 3 1 
0 2 0 5 9 9 1 9 0 7 1 6 3 8 3 6 8 1 5 2 8 3 9 8 8 0 3 1 9 6 3 0 4 2 0 7 7 8 7 9 
6 6 0 6 0 6 6 9 1 1 5 0 3 5 9 7 8 6 2 0 7 1 6 8 2 1 3 6 3 1 7 9 4 6 1 3 8 6 5 5 
7 8 9 2 9 7 6 5 5 2 1 6 0 5 0 6 9 1 4 4 1 1 2 1 0 3 1 1 5 1 9 6 7 2 4 4 1 6 3 3 
5 5 1 0 6 5 4 1 0 4 1 2 5 0 0 4 5 1 9 6 8 5 4 5 1 0 9 9 3 6 7 0 1 0 7 0 9 9 4 7 
7 2 2 4 4 4 3 6 0 1 5 7 9 8 5 2 8 1 9 2 8 8 3 3 3 4 6 6 2 2 4 3 3 7 2 8 7 6 3 7 
6 7 7 3 0 0 3 9 0 1 9 7 8 3 7 9 6 9 2 7 1 9 6 3 8 3 7 9 7 8 5 1 9 1 6 4 1 4 5 7 
5 2 4 0 6 0 0 8 6 3 1 2 4 5 5 2 7 7 9 9 1 0 4 3 1 5 5 8 4 0 7 6 0 2 6 9 1 2 3 0 
4 8 5 3 1 6 8 5 0 4 0 8 8 1 8 7 1 5 1 8 6 2 9 6 8 9 9 3 0 0 2 4 2 9 2 9 6 4 3 8 
6 4 8 2 6 1 1 3 7 0 4 0 4 8 0 3 9 1 7 7 9 5 6 7 4 5 8 4 5 2 3 3 4 1 3 8 9 6 3 1 
2 1 8 6 1 2 7 9 5 7 2 2 1 3 5 7 4 1 7 0 0 5 2 4 0 8 7 9 5 8 8 0 7 0 2 6 7 4 1 2 
2 5 7 2 7 6 7 2 0 2 7 7 3 0 2 7 7 7 8 1 2 3 4 0 0 1 2 3 3 1 8 3 2 4 5 8 5 3 8 7 
7 7 8 8 9 1 1 9 0 3 2 4 4 0 4 5 8 4 8 3 5 0 1 9 4 8 8 6 3 9 7 0 2 4 8 3 4 9 3 1 
4 6 4 9 2 6 5 4 4 3 0 7 0 2 0 2 4 9 4 8 9 7 5 6 4 6 8 1 4 1 0 2 6 6 2 0 3 9 3 3 
9 4 3 5 5 5 3 3 2 4 3 9 4 0 6 7 2 4 1 0 7 5 6 5 7 5 6 1 5 0 6 1 3 9 5 5 6 0 0 2 
8 2 6 0 9 5 2 6 3 3 6 7 1 8 6 3 2 4 3 0 8 1 4 7 7 0 2 0 7 7 2 8 8 3 8 7 2 9 1 6 
0 4 6 7 6 8 8 6 1 4 6 1 4 8 1 4 5 5 7 8 2 5 5 2 5 1 0 3 6 4 9 1 0 9 4 3 6 0 5 2 
1 4 9 9 0 8 3 8 0 4 9 2 0 1 7 8 9 1 2 8 8 6 8 7 5 3 1 4 2 9 0 9 1 2 6 0 7 6 3 5 
7 9 8 1 0 3 9 2 8 8 4 9 7 0 2 5 8 9 9 0 3 1 1 8 9 4 9 1 2 0 0 6 1 9 6 1 7 9 0 0 
7 8 1 4 3 9 6 6 1 2 6 3 1 6 1 3 2 7 3 0 3 4 7 9 9 1 0 3 9 6 7 2 5 6 5 9 7 0 7 8 
5 3 7 8 7 9 7 7 5 3 1 3 7 9 4 2 8 7 4 5 5 0 0 6 3 8 5 7 6 0 5 4 0 2 2 7 6 1 5 4 
3 6 7 5 1 8 0 3 8 6 6 9 3 2 4 0 3 7 0 8 0 3 0 2 7 1 3 1 5 6 3 6 5 1 8 3 9 0 7 0 
0 0 7 0 8 4 7 2 8 4 6 7 5 7 0 9 3 7 3 7 8 5 3 2 5 1 3 1 8 5 0 2 6 8 8 4 8 5 2 7 
6 5 9 4 7 8 6 5 1 5 2 1 6 5 7 9 3 7 4 2 3 1 5 6 5 2 6 9 3 2 9 6 0 7 9 8 4 6 1 1 
7 5 7 9 0 4 6 5 0 3 4 5 4 1 7 3 6 1 4 9 5 7 7 0 6 0 9 0 0 1 6 5 3 2 0 5 8 8 8 5 
9 7 4 4 3 3 5 5 6 0 1 3 1 8 6 8 3 6 6 3 0 0 6 8 8 0 8 1 9 3 7 3 8 2 1 4 4 1 4 5 

Matriz 2
7 2 5 3 9 2 0 3 5 7 6 2 0 9 7 1 5 5 1 8 2 3 2 1 4 8 3 5 0 2 7 6 9 7 3 5 9 9 9 1 
3 7 4 0 8 5 0 2 5 2 8 7 1 2 1 5 8 1 5 1 8 5 0 0 0 8 3 7 6 5 6 1 3 0 9 9 0 8 6 0 
2 5 7 1 4 0 9 8 9 7 3 7 5 6 5 9 8 4 1 1 4 8 9 2 7 6 2 6 1 0 2 6 8 9 9 6 8 3 7 6 
0 9 0 1 1 1 5 7 0 6 1 7 1 8 7 6 1 2 2 5 7 8 6 9 4 8 9 8 7 2 5 5 4 9 1 2 3 4 8 0 
8 1 7 2 2 2 5 5 7 1 3 0 6 2 9 1 4 8 6 1 7 7 5 4 1 2 1 5 8 4 2 8 1 4 7 0 3 6 6 2 
8 5 0 9 3 9 3 8 4 6 1 7 9 5 8 4 6 0 5 9 5 7 8 7 9 7 3 8 3 0 7 3 8 3 3 3 5 0 7 9 
4 2 4 4 8 1 0 0 8 4 0 5 9 2 7 6 9 1 2 2 1 7 0 2 5 3 7 2 8 6 7 8 4 3 6 9 3 1 8 6 
2 0 0 7 8 3 1 3 3 4 5 9 5 5 6 0 3 2 4 2 7 1 2 6 4 7 7 1 1 0 9 8 1 7 1 4 1 9 2 1 
9 6 9 2 5 0 3 0 0 5 0 6 5 7 2 5 1 9 3 3 6 6 4 7 7 3 4 3 5 0 3 3 2 7 8 8 4 6 4 8 
9 3 0 5 9 7 3 1 6 5 1 0 0 8 2 0 7 9 1 7 3 8 8 6 0 0 7 8 8 7 5 8 0 5 5 5 9 8 4 4 
0 7 6 0 5 0 5 5 8 9 5 4 9 5 1 2 6 2 8 2 1 5 4 6 3 0 2 6 1 1 6 7 4 9 3 7 5 5 5 4 
8 1 3 6 4 8 1 4 6 1 7 7 5 5 5 3 8 6 7 7 2 3 2 5 5 9 9 8 3 8 6 6 1 9 9 1 3 9 5 3 
2 6 3 9 1 0 2 6 4 3 2 9 0 3 4 8 3 2 2 6 1 3 7 0 4 9 7 4 8 5 5 2 2 6 0 8 3 9 0 8 
3 5 7 2 0 1 4 6 2 3 9 5 6 8 6 4 5 1 0 1 4 8 0 1 0 6 9 3 0 3 0 7 9 0 6 2 8 5 8 4 
3 0 8 0 0 6 6 8 5 7 5 6 4 6 0 6 5 1 4 3 9 7 6 3 8 5 4 9 4 8 9 1 2 9 7 5 7 6 2 7 
4 4 5 1 2 6 5 6 3 9 4 2 1 9 2 5 0 8 6 6 3 0 2 1 7 9 8 7 1 4 2 1 1 1 4 8 2 8 8 5 
1 9 7 1 2 6 8 0 1 1 1 5 0 2 5 5 3 8 3 3 8 6 0 9 2 9 1 8 2 2 0 7 6 8 8 8 4 6 5 9 
6 2 5 3 5 8 7 2 1 6 6 9 3 7 1 9 7 1 5 3 3 9 6 7 3 1 2 4 8 5 0 1 7 1 8 7 5 4 9 3 
9 6 8 8 4 8 1 1 3 4 8 4 0 0 4 5 9 6 4 7 1 2 6 4 9 4 2 6 1 5 0 2 3 2 6 7 7 3 6 7 
0 6 3 7 1 2 4 7 7 9 1 5 8 5 8 2 4 2 5 4 6 4 4 5 4 9 3 7 4 9 6 4 4 2 1 2 6 2 1 6 
4 4 3 1 7 4 6 8 8 4 9 8 5 1 2 5 7 6 4 2 0 4 8 8 6 9 2 5 2 6 0 3 2 1 1 7 5 9 9 3 
2 4 1 4 0 3 2 9 0 3 9 4 6 9 4 2 6 3 9 7 0 2 9 0 6 2 8 9 3 2 4 6 5 2 1 8 2 7 7 4 
5 1 6 2 3 8 2 0 7 8 6 4 0 1 3 4 5 6 0 2 4 4 9 1 1 9 8 7 6 0 7 3 2 5 0 8 3 5 3 3 
8 5 9 0 4 0 5 5 4 2 1 3 7 7 9 6 7 7 5 5 8 2 0 3 7 1 8 4 4 7 7 2 6 1 1 4 3 7 3 0 
8 2 7 5 0 5 7 4 1 8 6 3 0 7 6 7 0 5 8 0 5 0 7 0 1 4 3 1 2 1 5 5 2 6 2 4 2 2 8 1 
2 1 4 3 0 5 6 6 2 2 9 6 3 4 2 6 2 6 2 5 7 2 5 6 3 7 0 7 4 7 8 7 3 0 7 9 1 1 4 0 
8 1 3 4 1 9 7 3 5 5 3 7 8 5 8 1 5 9 2 9 4 6 9 1 4 7 3 4 7 7 7 5 4 2 7 3 3 7 0 7 
9 2 3 9 8 9 8 9 1 2 6 4 8 3 3 5 9 9 8 8 7 6 3 2 9 5 4 8 5 5 5 5 3 2 4 3 7 1 7 7 
9 7 8 0 8 6 9 2 9 6 5 9 9 7 3 5 3 8 9 9 7 3 8 8 1 2 4 3 1 4 9 9 6 6 9 5 0 2 7 9 
9 7 5 1 2 5 7 5 7 0 9 4 7 2 1 5 7 8 4 4 5 0 8 9 1 6 7 3 9 3 1 4 4 3 5 7 1 7 7 8 
8 2 7 3 7 0 7 8 1 2 3 9 2 5 6 1 0 3 5 5 6 2 4 9 6 2 4 6 3 8 8 6 9 8 9 6 1 3 2 0 
5 3 7 8 3 2 9 4 0 4 7 7 4 5 3 8 2 0 2 4 6 1 5 8 1 6 7 1 5 1 7 9 2 5 0 4 6 5 3 0 
0 8 3 2 0 0 4 3 4 4 8 3 7 2 6 9 4 8 1 9 5 5 3 9 8 6 5 8 2 4 7 0 5 2 1 2 5 8 7 0 
6 6 9 5 7 5 5 0 5 9 6 5 2 1 6 9 3 5 4 8 9 9 2 0 4 7 5 3 9 1 0 1 1 8 6 8 3 6 1 6 
0 5 6 6 5 6 3 2 3 2 2 1 3 6 8 2 5 7 8 1 7 2 7 5 1 4 3 4 7 2 2 5 4 4 9 7 7 7 9 0 
4 8 4 5 5 8 2 0 7 0 3 5 2 0 8 7 6 2 2 3 6 0 8 9 8 6 3 6 5 9 8 8 6 7 1 8 6 9 2 4 
4 4 1 2 9 2 2 4 5 7 7 5 8 2 9 1 9 2 7 3 1 6 0 2 6 4 8 1 0 9 4 5 9 1 5 7 2 3 9 9 
8 1 7 9 0 9 2 4 5 2 2 0 8 0 3 5 5 2 1 1 2 2 8 8 4 7 3 2 4 1 3 3 5 4 1 4 1 1 3 6 
4 5 4 1 3 0 2 7 2 1 3 8 2 5 2 6 8 6 2 5 5 3 4 9 6 0 6 6 3 7 5 4 8 8 1 5 4 6 1 4 
6 8 9 4 8 1 8 0 8 6 7 0 3 1 5 5 5 7 2 9 6 7 8 2 8 9 5 9 1 5 1 2 9 4 5 4 6 0 1 2 

Resultado 2
897 793 902 596 752 643 845 784 768 811 792 989 830 892 904 862 889 806 700 745 922 861 872 938 823 898 859 953 727 725 931 978 859 919 894 1032 769 905 986 761 
1004 740 947 678 727 706 798 756 793 813 824 902 838 791 945 853 922 945 727 864 783 818 874 707 912 1033 918 965 682 782 811 793 839 762 834 966 705 895 927 807 
1044 821 944 681 802 782 851 805 833 893 833 918 802 914 884 816 959 944 797 899 815 804 936 921 870 970 919 1038 640 784 840 891 893 895 829 985 1594 0 994 835 
905 819 891 698 782 1325 0 705 727 818 878 890 756 877 872 847 852 961 789 874 933 730 924 923 761 986 870 988 820 689 901 924 732 879 806 1049 766 1056 960 654 
992 830 1010 787 787 807 917 813 844 762 875 1028 871 864 979 968 988 979 743 927 985 833 1018 1020 886 1042 954 1008 858 810 947 998 930 979 951 1118 799 1073 968 879 
932 890 999 724 839 743 870 805 869 871 900 1013 780 877 885 953 989 936 732 911 928 812 864 882 944 1193 897 1074 679 818 866 889 849 899 896 1076 878 1026 987 836 
1096 862 1096 788 897 831 843 851 934 841 968 1010 998 917 1029 940 1111 1001 850 982 1050 914 948 894 964 1076 979 1084 852 915 1036 990 927 940 1046 1125 870 1101 1011 902 
882 656 789 692 655 630 706 785 761 697 675 751 717 754 811 710 853 855 679 764 742 691 950 712 767 867 798 945 727 672 782 776 688 773 693 848 717 806 829 695 
1010 705 945 680 763 731 916 823 772 843 789 925 878 959 888 829 906 903 772 898 891 862 939 819 808 901 915 958 765 805 943 911 829 917 930 905 802 886 932 768 
966 856 985 594 732 657 867 794 853 908 842 937 844 897 880 906 937 0 760 863 908 860 1566 0 785 944 1035 981 812 794 883 886 831 884 784 1044 736 964 926 855 
728 680 802 553 558 600 679 684 675 754 757 781 647 656 727 758 744 700 630 673 747 732 775 631 687 906 712 845 625 525 671 676 625 765 726 844 642 771 817 697 
843 705 816 618 626 734 729 623 620 654 764 776 721 717 765 790 799 829 701 731 883 668 810 750 685 813 719 834 707 638 766 712 702 620 707 896 623 808 814 650 
1080 962 1063 773 850 880 1008 869 921 913 1010 1070 999 955 1048 988 1065 1070 885 1066 1081 969 1042 969 965 1152 1069 1178 882 848 999 1019 918 922 969 1118 855 1108 1075 916 
937 741 920 653 684 740 842 696 694 777 800 935 791 836 859 831 822 822 701 864 906 799 824 828 818 983 771 967 702 750 887 827 819 737 882 952 714 894 877 751 
876 715 827 607 742 715 721 674 731 755 730 820 1294 0 864 748 883 833 638 745 809 792 874 852 735 902 789 901 758 708 743 769 769 791 777 944 774 968 920 698 
1022 815 899 652 732 835 805 740 874 777 875 885 802 755 936 802 934 931 739 839 883 767 958 923 811 1042 962 988 665 779 837 882 835 825 733 926 685 970 930 818 
841 728 885 608 797 706 793 739 699 826 838 957 748 763 813 851 872 713 673 785 879 790 734 834 834 1001 898 904 654 717 873 779 825 804 709 1000 701 921 891 712 
767 686 817 562 664 591 664 611 686 625 670 782 667 675 798 703 744 724 572 679 786 686 673 802 685 899 676 852 561 585 732 798 748 749 824 822 638 800 834 610 
894 644 745 659 713 731 660 685 729 628 726 705 739 584 798 593 908 835 687 768 650 644 814 677 752 874 706 848 630 742 654 688 742 566 712 857 624 764 815 749 
880 791 885 749 732 775 753 775 786 761 947 930 759 718 916 825 1563 0 717 878 788 782 883 778 887 1093 876 994 659 792 802 868 834 841 760 1006 775 992 894 816 
915 879 993 723 780 860 950 903 891 941 1042 1067 883 1021 0 972 1027 985 904 956 959 813 1039 882 915 1158 987 1160 781 843 1009 915 910 954 916 1142 806 1119 1050 836 
766 592 809 641 631 685 688 590 583 614 658 816 581 664 734 666 731 721 590 788 0 619 723 747 672 810 612 788 614 683 725 774 645 707 743 825 701 803 681 641 
915 723 895 761 773 871 789 759 900 928 896 997 750 782 941 950 970 813 703 875 914 833 952 707 894 1203 926 1037 832 909 984 1463 0 825 800 1092 752 993 851 762 
1423 0 913 589 673 681 782 732 775 752 836 887 792 731 906 789 899 871 672 716 790 727 852 798 791 995 759 886 603 736 765 862 842 720 761 992 731 935 920 793 
840 675 739 577 697 694 741 707 685 669 760 834 770 740 771 717 847 852 632 800 778 688 802 810 836 849 815 898 631 730 835 826 735 722 807 933 643 825 863 747 
782 716 813 586 733 686 680 618 743 678 715 822 640 621 761 751 883 717 672 725 712 720 780 779 787 833 708 919 627 706 692 760 769 795 816 935 665 801 819 697 
960 760 940 666 755 828 855 816 808 728 851 927 760 794 930 827 947 969 763 799 963 753 908 906 808 1060 796 977 797 797 840 875 798 851 928 1017 704 1018 971 731 
818 695 753 620 629 750 701 684 708 777 789 877 767 748 816 802 863 772 642 785 750 787 847 790 740 982 779 900 701 674 743 713 721 663 718 881 628 837 895 658 
833 619 779 928 0 715 685 662 728 796 786 834 616 776 819 723 765 784 712 785 755 703 797 645 727 922 779 883 659 699 813 740 661 787 774 917 626 935 870 612 
955 741 1003 636 723 739 818 701 879 767 908 816 837 785 876 847 907 852 710 738 847 723 934 892 750 972 832 872 661 656 814 873 803 844 795 899 790 1004 987 668 
799 783 822 622 735 638 737 731 738 817 748 1473 0 761 869 764 853 696 738 724 811 812 792 762 721 861 833 884 697 673 736 839 790 796 804 957 672 789 905 770 
774 823 857 629 700 752 885 864 819 909 856 906 842 837 822 842 936 799 773 739 881 765 940 891 803 1082 921 1007 682 646 836 861 1299 0 705 1026 747 911 990 785 
1005 733 970 734 815 850 745 595 771 860 790 921 713 823 860 919 979 867 729 796 790 837 827 720 775 994 825 863 800 725 785 813 728 831 958 1115 749 987 976 822 
969 856 933 599 888 728 777 695 827 826 923 947 786 823 934 870 965 817 807 847 909 770 859 848 813 922 925 945 696 752 912 863 941 827 808 1041 708 942 1020 689 
912 795 883 697 785 722 856 817 759 780 782 1054 1178 0 966 880 934 805 703 828 933 901 848 893 862 1020 839 971 729 823 884 955 900 838 890 982 799 894 963 821 
746 727 705 564 644 606 693 687 648 729 694 1480 0 817 754 717 817 688 716 687 763 708 781 822 658 783 1191 0 638 658 782 762 734 796 777 825 671 840 858 684 
906 837 959 659 759 724 828 700 904 887 862 870 902 801 898 876 936 922 805 799 779 849 928 817 805 985 883 909 735 734 691 846 788 779 889 1022 755 947 1025 873 
1011 741 987 778 835 883 885 840 823 876 818 974 793 883 974 915 1723 0 782 828 964 862 967 815 879 1050 887 994 849 785 910 933 0 884 924 1080 842 992 1013 809 
764 720 766 1065 0 687 700 769 772 848 773 922 709 754 864 764 890 687 621 767 740 755 900 779 819 1044 860 963 641 756 881 814 820 884 666 939 710 892 814 743 
925 737 950 510 708 660 766 641 730 829 818 900 712 844 857 821 807 829 659 806 864 734 759 732 778 930 849 871 603 721 869 753 839 762 832 906 683 906 907 679 

